0 0.1921875 0.0265625 0.159375 0.040625
0 0.4109375 0.025 0.0625 0.05
0 0.70390625 0.03125 0.4171875 0.040625
0 0.14140625 0.08984375 0.1140625 0.0328125
0 0.78046875 0.08671875 0.2203125 0.0390625
0 0.19921875 0.175 0.1765625 0.096875
0 0.75859375 0.2078125 0.2765625 0.15625
1 0.48515625 0.35546875 0.8234375 0.0828125
0 0.26328125 0.43125 0.3796875 0.05
1 0.48515625 0.49140625 0.8234375 0.0578125
0 0.48125 0.5796875 0.65625 0.0125
0 0.1125 0.57265625 0.115625 0.0609375
0 0.18671875 0.61640625 0.1765625 0.0109375
0 0.5203125 0.61875 0.19375 0.01875
0 0.71015625 0.61015625 0.0796875 0.0296875
0 0.85390625 0.609375 0.1109375 0.025
0 0.4765625 0.6453125 0.625 0.034375
0 0.38515625 0.70078125 0.6203125 0.0671875
0 0.2640625 0.778125 0.409375 0.08125
0 0.3921875 0.85 0.6375 0.03125
0 0.4609375 0.88046875 0.315625 0.0203125
0 0.75625 0.80078125 0.2375 0.0453125
0 0.09765625 0.9 0.1046875 0.059375
0 0.7765625 0.71640625 0.246875 0.0953125
0 0.7796875 0.8734375 0.159375 0.025