1 0.50234375 0.421875 0.7984375 0.096875
0 0.50234375 0.0828125 0.1765625 0.034375
0 0.4984375 0.15078125 0.228125 0.0796875
0 0.178125 0.2703125 0.140625 0.096875
0 0.40703125 0.27578125 0.1609375 0.0890625
0 0.6671875 0.25390625 0.103125 0.0453125
0 0.66875 0.30234375 0.1 0.0390625
0 0.85234375 0.303125 0.0890625 0.040625
0 0.83203125 0.2515625 0.1296875 0.046875
0 0.7453125 0.5359375 0.3125 0.096875
0 0.7828125 0.65390625 0.240625 0.1046875
0 0.49921875 0.8453125 0.2359375 0.04375
0 0.5015625 0.90859375 0.240625 0.0578125