0 0.509375 0.2625 0.8578125 0.096875
0 0.84765625 0.1625 0.19765625 0.09140625
0 0.16328125 0.0515625 0.1828125 0.02265625
0 0.1515625 0.13671875 0.15078125 0.025
0 0.15078125 0.07890625 0.15390625 0.02265625
0 0.30859375 0.36875 0.46953125 0.065625
0 0.25859375 0.4421875 0.36953125 0.05078125
0 0.1578125 0.94609375 0.19453125 0.07109375
0 0.778125 0.9453125 0.25390625 0.03203125
1 0.49140625 0.58203125 0.8296875 0.1046875
0 0.784375 0.71953125 0.25 0.05390625
0 0.48203125 0.7921875 0.83984375 0.040625