0 0.7578125 0.07265625 0.40703125 0.0890625
0 0.10078125 0.07265625 0.1375 0.0953125
0 0.15625 0.16640625 0.27734375 0.06484375
0 0.49140625 0.17109375 0.23125 0.0671875
0 0.8578125 0.1734375 0.23125 0.0640625
1 0.659375 0.54296875 0.5875 0.3203125
0 0.17421875 0.2953125 0.31875 0.1484375
0 0.5296875 0.29296875 0.3328125 0.13671875
0 0.5484375 0.7984375 0.38359375 0.16484375
0 0.8515625 0.790625 0.19453125 0.1421875
0 0.39296875 0.946875 0.690625 0.06640625
0 0.3609375 0.71875 0.003125 0.0109375