0 0.5 0.021875 0.1625 0.028125
0 0.50234375 0.07265625 0.3046875 0.0609375
0 0.50546875 0.16953125 0.4234375 0.1171875
0 0.1328125 0.2984375 0.25625 0.140625
0 0.3953125 0.2421875 0.178125 0.021875
0 0.50078125 0.3796875 0.2234375 0.028125
0 0.91171875 0.28203125 0.1765625 0.0421875
0 0.6953125 0.53984375 0.315625 0.0265625
0 0.89140625 0.7046875 0.2171875 0.175
0 0.56171875 0.75703125 0.1734375 0.0515625
0 0.27578125 0.83359375 0.5515625 0.0515625
0 0.50234375 0.9734375 0.2203125 0.03125
0 0.915625 0.93125 0.15625 0.025
1 0.50234375 0.4703125 0.9953125 0.1125
0 0.50234375 0.88671875 0.6890625 0.0546875