0 0.28671875 0.1125 0.4125 0.04765625
0 0.8140625 0.07421875 0.2484375 0.05859375
0 0.17109375 0.23671875 0.20859375 0.0734375
0 0.49453125 0.2359375 0.2234375 0.075
0 0.8203125 0.24140625 0.2828125 0.06640625
0 0.7734375 0.68203125 0.20703125 0.04609375
0 0.26953125 0.68359375 0.32734375 0.0375
1 0.5109375 0.4140625 0.88984375 0.1625
0 0.78515625 0.5703125 0.296875 0.10625
0 0.4984375 0.9484375 0.26796875 0.04375
0 0.7828125 0.7734375 0.22890625 0.08203125
0 0.11640625 0.06015625 0.05078125 0.0296875