0 0.13671875 0.096875 0.1140625 0.11875
0 0.31328125 0.10859375 0.2234375 0.0984375
0 0.1984375 0.2296875 0.196875 0.040625
0 0.2140625 0.3125 0.246875 0.090625
0 0.7625 0.31484375 0.390625 0.0671875
0 0.25546875 0.67734375 0.3328125 0.0828125
0 0.30234375 0.78125 0.4296875 0.096875
0 0.1796875 0.925 0.178125 0.05
0 0.43828125 0.91796875 0.2828125 0.0546875
0 0.753125 0.91796875 0.275 0.0640625
0 0.74453125 0.81328125 0.3109375 0.0890625
0 0.72109375 0.6859375 0.3859375 0.140625
1 0.4953125 0.490625 0.81875 0.228125