0 0.2625 0.890625 0.5 0.025
0 0.89921875 0.91484375 0.1671875 0.0265625
0 0.9046875 0.959375 0.171875 0.0375
0 0.49453125 0.9796875 0.3265625 0.028125
0 0.2375 0.93359375 0.440625 0.0609375
0 0.7125 0.7546875 0.540625 0.025
0 0.253125 0.790625 0.478125 0.04375
1 0.503125 0.42890625 0.978125 0.0859375
0 0.7078125 0.51640625 0.56875 0.0671875
0 0.49140625 0.03125 0.1484375 0.025
0 0.19375 0.109375 0.359375 0.121875
0 0.20703125 0.246875 0.3796875 0.146875
0 0.61328125 0.1859375 0.2296875 0.20625
0 0.85703125 0.190625 0.2265625 0.2125
0 0.55703125 0.0640625 0.1140625 0.034375
0 0.7875 0.059375 0.09375 0.0375
0 0.57734375 0.31328125 0.1546875 0.0265625
1 0.4984375 0.84453125 0.975 0.0734375