1 0.290625 0.7109375 0.515625 0.028125
0 0.7390625 0.690625 0.4625 0.021875
1 0.50546875 0.746875 0.9265625 0.040625
0 0.39296875 0.7765625 0.6796875 0.015625
0 0.2640625 0.83984375 0.45 0.0421875
0 0.73671875 0.88125 0.4609375 0.0625
0 0.9 0.94453125 0.175 0.0421875
0 0.2640625 0.8765625 0.4375 0.034375
0 0.50234375 0.94921875 0.2421875 0.0546875
0 0.27578125 0.90859375 0.4546875 0.0234375
0 0.50390625 0.01328125 0.1203125 0.0265625
0 0.8265625 0.01171875 0.2625 0.0234375
0 0.65078125 0.04453125 0.1015625 0.0265625
0 0.8390625 0.0484375 0.128125 0.025
0 0.68671875 0.1171875 0.1703125 0.115625
0 0.6703125 0.190625 0.140625 0.01875
0 0.87421875 0.1265625 0.1765625 0.1375
0 0.6640625 0.22109375 0.125 0.0296875
0 0.09375 0.065625 0.0875 0.071875
0 0.28203125 0.0734375 0.2609375 0.08125
0 0.2203125 0.1625 0.328125 0.1
0 0.25234375 0.2640625 0.4015625 0.096875
1 0.51015625 0.3765625 0.9234375 0.125