1 0.49921875 0.37265625 0.88671875 0.14765625
1 0.26171875 0.61875 0.39921875 0.03203125
0 0.2453125 0.665625 0.3796875 0.03359375
0 0.4859375 0.7171875 0.35 0.059375
0 0.31953125 0.77578125 0.5375 0.0359375
0 0.1796875 0.87734375 0.259375 0.1546875
0 0.434375 0.88359375 0.18203125 0.15703125
0 0.75390625 0.88671875 0.434375 0.16796875
0 0.28125 0.20625 0.43046875 0.13984375
0 0.68125 0.21171875 0.35 0.14296875
0 0.2203125 0.02890625 0.25625 0.02109375
0 0.865625 0.0421875 0.12265625 0.02265625
0 0.52734375 0.0875 0.5515625 0.09375
0 0.6171875 0.57890625 0.6859375 0.03359375